1 266
3 1
7 5
3 9
7 1
3 5
7 9
3 1
7 5
3 9
7 1
3 5
7 9
3 1
7 5
3 9
7 1
3 5
7 9
3 1
7 5
3 9
7 1
3 5
7 9
3 1
7 5
3 9
7 1
3 5
7 9
3 1
7 5
3 9
7 1
3 5
7 9
3 1
7 5
3 9
7 1
3 5
7 9
3 1
7 5
3 9
7 1
3 5
7 9
3 1
7 5
3 9
7 1
3 5
7 9
3 1
7 5
3 9
7 1
3 5
7 9
3 1
7 5
3 9
7 1
3 5
7 9
3 1
7 5
3 9
7 1
3 5
7 9
3 1
7 5
3 9
7 1
3 5
7 9
3 1
7 5
3 9
7 1
3 5
7 9
3 1
7 5
3 9
7 1
3 5
7 9
3 1
7 5
3 9
7 1
3 5
7 9
3 1
7 5
3 9
7 1
3 5
7 9
3 1
7 5
3 9
7 1
3 5
7 9
3 1
7 5
3 9
7 1
3 5
7 9
3 1
7 5
3 9
7 1
3 5
7 9
3 1
7 5
3 9
7 1
3 5
7 9
3 1
7 5
3 9
7 1
3 5
7 9
3 1
7 5
3 9
7 1
3 5
7 9
3 1
7 5
3 9
7 1
3 5
7 9
3 1
7 5
3 9
7 1
3 5
7 9
3 1
7 5
3 9
7 1
3 5
7 9
3 1
7 5
3 9
7 1
3 5
7 9
3 1
7 5
3 9
7 1
3 5
7 9
3 1
7 5
3 9
7 1
3 5
7 9
3 1
7 5
3 9
7 1
3 5
7 9
3 1
7 5
3 9
7 1
3 5
7 9
3 1
7 5
3 9
7 1
3 5
7 9
3 1
7 5
3 9
7 1
3 5
7 9
3 1
7 5
2 9
3 1
4 5
6 9
7 1
8 5
2 9
3 1
4 5
6 9
7 1
8 5
2 9
3 1
4 5
6 9
7 1
8 5
2 9
3 1
4 5
6 9
7 1
8 5
2 9
3 1
4 5
6 9
7 1
8 5
2 9
3 1
4 5
6 9
7 1
8 5
2 9
3 1
4 5
6 9
7 1
8 5
2 9
3 1
4 5
6 9
7 1
8 5
2 9
3 1
4 5
6 9
7 1
8 5
2 9
3 1
4 5
6 9
7 1
8 5
2 9
3 1
4 5
6 9
7 1
8 5