8993 720
23 28
23 28
23 28
23 28
23 28
23 28
23 28
23 28
23 28
23 28
23 28
23 28
23 28
23 28
23 28
23 28
23 28
23 28
23 28
23 28
23 28
23 28
23 28
23 28
23 28
23 28
23 28
23 28
23 28
23 28
23 28
23 28
23 28
23 28
23 28
23 28
23 28
23 28
23 28
23 28
23 28
23 28
23 28
23 28
23 28
23 28
23 28
23 28
23 28
23 28
23 28
23 28
23 28
23 28
23 28
23 28
23 28
23 28
23 28
23 28
23 28
23 28
23 28
23 28
23 28
23 28
23 28
23 28
23 28
23 28
23 28
23 28
23 28
23 28
23 28
23 28
23 28
23 74
23 28
23 74
23 28
23 74
23 28
23 74
23 28
23 74
23 28
23 74
23 28
23 74
23 28
23 74
23 28
23 74
76 28
23 74
76 28
23 74
76 28
23 74
76 28
23 74
76 28
23 74
76 28
23 74
76 28
23 74
76 28
23 74
76 28
23 74
76 28
23 74
76 28
23 74
76 28
23 74
76 28
23 74
76 28
23 74
76 28
23 74
76 28
23 74
76 28
23 74
76 28
23 74
76 28
23 74
76 28
23 74
76 28
23 74
76 28
23 74
76 28
23 74
76 28
23 74
76 28
23 74
76 28
23 74
76 28
23 74
76 28
23 74
76 28
23 74
76 28
23 74
76 28
23 74
76 28
23 74
76 28
23 74
76 28
23 74
76 28
23 74
76 28
23 74
76 28
23 74
76 28
23 74
76 28
23 74
76 28
23 74
76 28
23 74
76 28
23 67
76 74
23 28
76 67
23 74
76 28
23 67
76 74
23 28
76 67
23 74
76 28
23 67
76 74
23 28
76 67
23 74
76 28
23 67
76 74
23 28
76 67
23 74
76 28
23 67
76 74
23 28
76 67
23 74
76 28
23 67
76 74
23 28
76 67
23 74
76 28
23 67
76 74
23 28
76 67
23 74
76 28
23 67
76 74
23 28
76 67
23 74
76 28
23 67
76 74
23 28
76 67
23 74
76 28
23 67
76 74
23 28
76 67
23 74
76 28
23 67
76 74
23 28
76 67
23 74
76 28
23 67
76 74
23 28
76 67
23 74
76 28
23 67
76 74
23 28
76 67
23 74
76 28
23 67
76 74
23 28
76 67
23 74
76 28
23 67
76 74
23 28
76 67
23 74
76 28
23 67
76 74
23 28
76 67
23 74
76 28
23 67
76 74
23 28
76 67
23 74
76 28
23 67
76 74
23 28
76 67
23 74
76 28
23 67
76 74
23 28
76 67
23 74
76 28
23 67
76 74
23 28
76 67
23 74
76 28
23 67
76 74
23 28
76 67
23 74
76 28
23 67
76 74
23 28
76 67
23 74
76 28
23 67
76 74
23 28
76 67
23 74
76 28
23 67
76 74
23 28
76 67
23 74
76 28
23 67
76 74
23 28
76 67
23 74
76 28
23 67
76 74
23 28
76 67
23 74
76 28
23 67
76 74
23 28
76 67
23 74
76 28
23 67
76 74
23 28
76 67
23 74
76 28
11 67
23 74
76 28
11 67
23 74
76 28
11 67
23 74
76 28
11 67
23 74
76 28
11 67
23 74
76 28
11 67
23 74
76 28
11 67
23 74
76 28
11 67
23 74
76 28
11 67
23 74
76 28
11 67
23 74
76 28
11 67
23 74
76 28
11 67
23 74
76 28
11 67
23 74
76 28
11 67
23 74
76 28
11 67
23 74
76 28
11 67
23 74
76 28
11 67
23 74
76 28
11 67
23 74
76 28
11 67
23 74
76 28
11 67
23 74
76 28
11 67
23 74
76 28
11 67
23 74
76 28
11 67
23 74
76 28
11 67
23 74
76 28
11 67
23 74
76 28
11 67
23 74
76 28
11 67
23 74
76 28
11 67
23 74
76 28
11 67
23 74
76 28
11 67
23 74
76 28
11 67
23 74
76 28
11 67
23 74
76 28
11 67
23 74
76 28
11 67
23 74
76 28
11 67
23 74
76 28
11 67
23 74
76 28
11 67
23 74
76 28
11 67
23 74
76 28
11 67
23 74
76 28
11 67
23 74
76 28
11 67
23 74
76 28
11 67
23 74
76 28
11 67
23 74
76 28
11 67
23 74
76 28
11 67
23 74
76 28
11 67
23 74
76 28
11 67
23 74
76 28
11 67
23 74
76 28
11 67
23 74
76 28
11 67
23 74
76 28
11 67
23 74
76 28
11 67
23 74
76 28
11 67
23 74
76 28
11 67
23 74
76 28
11 67
23 74
76 28
11 67
23 74
76 28
11 67
23 74
76 28
11 67
23 74
76 28
11 67
23 74
76 28
11 67
23 74
76 28
11 67
23 74
76 28
11 67
23 74
76 28
11 67
23 74
76 28
11 67
23 74
76 28
11 67
23 74
76 28
11 67
23 74
76 28
11 67
23 74
76 28
11 67
23 74
76 28
11 67
23 74
76 28
11 67
23 74
76 28
11 67
23 74
76 28
11 67
23 74
76 28
11 67
23 74
76 28
11 67
23 74
76 28
11 67
23 74
76 28
11 67
23 74
76 28
11 67
23 74
76 28
11 67
23 74
76 28
11 67
23 74
76 28
11 67
23 74
76 28
11 67
23 74
76 28
11 67
23 74
76 28
11 67
23 74
76 28
11 67
23 74
76 28
11 67
23 74
76 28
11 67
23 74
76 28
11 67
23 74
76 28
11 67
23 74
76 28
11 67
23 74
76 28
11 67
23 74
76 28
11 67
23 74
76 28
11 67
23 74
76 28
11 67
23 74
76 28
11 67
23 74
76 28
11 67
23 74
76 28
11 67
23 74
76 28
11 67
23 74
76 28
11 67
23 68
76 74
11 28
23 67
76 68
11 74
23 28
76 67
11 68
23 74
76 28
11 67
23 68
76 74
11 28
23 67
76 68
11 74
23 28
76 67
11 68
23 74
76 28
11 67
23 68
76 74
11 28
23 67
76 68
11 74
23 28
76 67
11 68
23 74
76 28
11 67
23 68
76 74
11 28
23 67
76 68
11 74
23 86
76 28
11 67
23 68
76 74
11 86
23 28
76 54
11 67
23 68
76 74
11 86
23 28
76 54
11 67
23 68
76 74
11 86
23 28
76 54
11 67
23 68
76 74
11 86
23 28
76 54
11 67
23 68
76 74
11 86
23 28
76 54
11 67
23 68
76 74
11 86
23 28
76 54
11 67
23 68
76 74