60 60 60
92038 21886 12322 75050 6107 66287 38777 1818 86346 40564 35860 25335 7117 64129 1375 53819 92359 44963 93866 27375 18160 95345 2493 84626 19581 85196 60742 45379 97331 79665 62537 43635 83287 76932 71666 92249 70862 5640 16561 81721 76359 84710 53504 84635 66155 50840 84562 58720 64503 34840 94522 65637 45260 79329 33727 94075 95187 52182 75433 9977
7 56 91180
1 1 41428
15 16 92027
27 31 27700
7 13 38807
14 31 72004
7 10 1171
7 11 89961
11 17 32883
41 41 76672
16 54 25090
37 46 80788...