21320.7493000000 0.0000000000
21992.2179000000 20649.2807000000
2014.4058000000 21992.2179000000
0.0000000000 2685.8744000000
18634.8749000000 0.0000000000
21992.2179000000 17963.4063000000
4700.2802000000 21992.2179000000
0.0000000000 5371.7488000000
15949.0005000000 0.0000000000
21992.2179000000 15277.5319000000
7386.1546000000 21992.2179000000
0.0000000000 8057.6232000000
13263.1261000000 0.0000000000
21992.2179000000 12591.6575000000
10072.0290000000 21992.2179000000
0.0000000000 10743.4976000000
10577.2517000000 0.0000000000
21992.2179000000 9905.7831000000
12757.9034000000 21992.2179000000
0.0000000000 13429.3720000000
7891.3773000000 0.0000000000
21992.2179000000 7219.9087000000
15443.7778000000 21992.2179000000
0.0000000000 16115.2464000000
5205.5029000001 0.0000000000
21992.2179000000 4534.0343000000
18129.6522000000 21992.2179000000
0.0000000000 18801.1208000000
2519.6285000000 0.0000000000
21992.2179000000 1848.1598999999
20815.5266000000 21992.2179000000
0.0000000000 21486.9952000000
0.0000000000 166.2459000000
21154.5034000000 0.0000000000
21992.2179000000 20483.0348000000
2180.6517000000 21992.2179000000
0.0000000000 2852.1203000000
18468.6290000000 0.0000000000
21992.2179000000 17797.1603999999
4866.5261000000 21992.2179000000
0.0000000000 5537.9947000000
15782.7546000000 0.0000000000
21992.2179000000 15111.2860000000
7552.4005000001 21992.2179000000
0.0000000000 8223.8691000000
13096.8802000000 0.0000000000
21992.2179000000 12425.4116000000
10238.2748999999 21992.2179000000
0.0000000000 10909.7435000000
10411.0058000001 0.0000000000
21992.2179000000 9739.5371999999
12924.1493000001 21992.2179000000
0.0000000000 13595.6179000001
7725.1314000000 0.0000000000
21992.2179000000 7053.6628000000
15610.0237000000 21992.2179000000
0.0000000000 16281.4923000000
5039.2570000001 0.0000000000
21992.2179000000 4367.7884000001
18295.8981000001 21992.2179000000
0.0000000000 18967.3667000001
2353.3825999999 0.0000000000
21992.2179000000 1681.9140000000
20981.7725000000 21992.2179000000
0.0000000000 21653.2411000000
0.0000000000 332.4918000000
20988.2575000001 0.0000000000
21992.2179000000 20316.7889000001
2346.8976000001 21992.2179000000
0.0000000000 3018.3662000001
18302.3830999999 0.0000000000
21992.2179000000 17630.9145000000
5032.7720000000 21992.2179000000
0.0000000000 5704.2406000000
15616.5087000000 0.0000000000
21992.2179000000 14945.0401000001
7718.6463999999 21992.2179000000
0.0000000000 8390.1150000001
12930.6342999999 0.0000000000
21992.2179000000 12259.1656999999
10404.5208000000 21992.2179000000
0.0000000000 11075.9894000000
10244.7599000000 0.0000000000
21992.2179000000 9573.2913000000
13090.3951999999 21992.2179000000
0.0000000000 13761.8637999999
7558.8854999999 0.0000000000
21992.2179000000 6887.4168999999
15776.2696000001 21992.2179000000
0.0000000000 16447.7382000001
4873.0111000000 0.0000000000
21992.2179000000 4201.5425000000
18462.1440000000 21992.2179000000
0.0000000000 19133.6125999999
2187.1367000001 0.0000000000
21992.2179000000 1515.6681000001
21148.0184000001 21992.2179000000
0.0000000000 21819.4870000001
0.0000000000 498.7377000001
20822.0116000002 0.0000000000
21992.2179000000 20150.5430000000
2513.1435000002 21992.2179000000
0.0000000000 3184.6121000000
18136.1371999998 0.0000000000
21992.2179000000 17464.6686000001
5199.0179000001 21992.2179000000
0.0000000000 5870.4864999999
15450.2627999999 0.0000000000
21992.2179000000 14778.7942000002
7884.8923000000 21992.2179000000
0.0000000000 8556.3609000002
12764.3884000000 0.0000000000
21992.2179000000 12092.9197999998
10570.7666999999 21992.2179000000
0.0000000000 11242.2353000001
10078.5140000001 0.0000000000
21992.2179000000 9407.0453999999
13256.6410999998 21992.2179000000
0.0000000000 13928.1097000000
7392.6395999998 0.0000000000
21992.2179000000 6721.1710000000
15942.5155000002 21992.2179000000
0.0000000000 16613.9840999999
4706.7651999999 0.0000000000
21992.2179000000 4035.2966000001
18628.3899000001 21992.2179000000
0.0000000000 19299.8584999998
2020.8908000000 0.0000000000
21992.2179000000 1349.4221999998
21314.2643000000 21992.2179000000
0.0000000000 21985.7329000002
0.0000000000 664.9835999999
20655.7656999999 0.0000000000
21992.2179000000 19984.2971000001
2679.3894000001 21992.2179000000
0.0000000000 3350.8579999998
17969.8913000000 0.0000000000
21992.2179000000 17298.4226999998
5365.2638000000 21992.2179000000
0.0000000000 6036.7324000002
15284.0169000001 0.0000000000
21992.2179000000 14612.5482999999
8051.1381999999 21992.2179000000
0.0000000000 8722.6068000001
12598.1425000002 0.0000000000
21992.2179000000 11926.6739000000
10737.0126000002 21992.2179000000
0.0000000000 11408.4812000000
9912.2680999998 0.0000000000
21992.2179000000 9240.7995000001
13422.8870000001 21992.2179000000
0.0000000000 14094.3555999999
7226.3936999999 0.0000000000
21992.2179000000 6554.9251000002
16108.7614000000 21992.2179000000
0.0000000000 16780.2300000002
4540.5193000000 0.0000000000
21992.2179000000 3869.0506999998
18794.6357999999 21992.2179000000
0.0000000000 19466.1044000001
1854.6449000001 0.0000000000
21992.2179000000 1183.1762999999
21480.5101999998 21992.2179000000
159.7609000000 21992.2179000000
0.0000000000 831.2295000002
20489.5198000000 0.0000000000
21992.2179000000 19818.0511999998
2845.6352999999 21992.2179000000
0.0000000000 3517.1039000001
17803.6454000001 0.0000000000
21992.2179000000 17132.1767999999
5531.5096999998 21992.2179000000
0.0000000000 6202.9783000000
15117.7709999997 0.0000000000
21992.2179000000 14446.3024000000
8217.3841000002 21992.2179000000
0.0000000000 8888.8526999999
12431.8965999998 0.0000000000
21992.2179000000 11760.4280000001
10903.2585000001 21992.2179000000
0.0000000000 11574.7270999998
9746.0221999999 0.0000000000
21992.2179000000 9074.5535999997
13589.1329000000 21992.2179000000
0.0000000000 14260.6015000002
7060.1478000000 0.0000000000
21992.2179000000 6388.6791999998
16275.0072999999 21992.2179000000
0.0000000000 16946.4759000001
4374.2734000002 0.0000000000
21992.2179000000 3702.8047999999
18960.8816999998 21992.2179000000
0.0000000000 19632.3503000000
1688.3989999998 0.0000000000
21992.2179000000 1016.9304000000
21646.7561000002 21992.2179000000
326.0068000004 21992.2179000000
0.0000000000 997.4754000001
20323.2739000001 0.0000000000
21992.2179000000 19651.8053000004
3011.8812000003 21992.2179000000
0.0000000000 3683.3498000000
17637.3995000002 0.0000000000
21992.2179000000 16965.9308999996
5697.7556000002 21992.2179000000
0.0000000000 6369.2241999999
14951.5251000003 0.0000000000
21992.2179000000 14280.0564999997
8383.6300000001 21992.2179000000
0.0000000000 9055.0985999998
12265.6506999995 0.0000000000
21992.2179000000 11594.1820999998
11069.5044000000 21992.2179000000
0.0000000000 11740.9729999997
9579.7762999996 0.0000000000
21992.2179000000 8908.3076999999
13755.3787999999 21992.2179000000
0.0000000000 14426.8473999996
6893.9018999997 0.0000000000
21992.2179000000 6222.4333000000
16441.2531999998 21992.2179000000
0.0000000000 17112.7218000004
4208.0274999998 0.0000000000
21992.2179000000 3536.5589000001
19127.1275999997 21992.2179000000
0.0000000000 19798.5962000003
1522.1530999999 0.0000000000
21992.2179000000 850.6845000002
21813.0020000005 21992.2179000000
492.2527000002 21992.2179000000
0.0000000000 1163.7213000000
20157.0280000003 0.0000000000
21992.2179000000 19485.5593999996
3178.1271000001 21992.2179000000
0.0000000000 3849.5956999999
17471.1536000004 0.0000000000
21992.2179000000 16799.6849999997
5864.0015000000 21992.2179000000
0.0000000000 6535.4700999998
14785.2791999996 0.0000000000
21992.2179000000 14113.8105999998
8549.8758999999 21992.2179000000
0.0000000000 9221.3444999997
12099.4047999997 0.0000000000
21992.2179000000 11427.9361999999
11235.7502999998 21992.2179000000
0.0000000000 11907.2189000005
9413.5303999998 0.0000000000
21992.2179000000 8742.0618000000
13921.6246999997 21992.2179000000
0.0000000000 14593.0933000004
6727.6559999999 0.0000000000
21992.2179000000 6056.1874000001
16607.4990999996 21992.2179000000
0.0000000000 17278.9677000003
4041.7816000000 0.0000000000
21992.2179000000 3370.3130000002
19293.3735000005 21992.2179000000
0.0000000000 19964.8421000002
1355.9072000001 0.0000000000
21992.2179000000 684.4386000003
21979.2479000004 21992.2179000000
658.4986000001 21992.2179000000
0.0000000000 1329.9671999998
19990.7821000004 0.0000000000
21992.2179000000 19319.3134999997
3344.3730000000 21992.2179000000
0.0000000000 4015.8415999997
17304.9076999996 0.0000000000
21992.2179000000 16633.4390999998
6030.2473999999 21992.2179000000
0.0000000000 6701.7159999996
14619.0332999997 0.0000000000
21992.2179000000 13947.5646999999
8716.1217999998 21992.2179000000
0.0000000000 9387.5904000005
11933.1588999998 0.0000000000
21992.2179000000 11261.6903000000
11401.9961999997 21992.2179000000
0.0000000000 12073.4648000004
9247.2844999999 0.0000000000
21992.2179000000 8575.8159000002
14087.8705999996 21992.2179000000
0.0000000000 14759.3392000003
6561.4101000000 0.0000000000
21992.2179000000 5889.9415000003
16773.7450000004 21992.2179000000
0.0000000000 17445.2136000002
3875.5357000001 0.0000000000
21992.2179000000 3204.0671000004
19459.6194000003 21992.2179000000
0.0000000000 20131.0880000001
1189.6613000002 0.0000000000
21992.2179000000 518.1926999995
21992.2179000000 21838.9419999998
824.7445000000 21992.2179000000
0.0000000000 1496.2130999997
19824.5361999996 0.0000000000
21992.2179000000 19153.0675999999
3510.6188999999 21992.2179000000
0.0000000000 4182.0874999996
17138.6617999997 0.0000000000
21992.2179000000 16467.1932000000
6196.4932999998 21992.2179000000
0.0000000000 6867.9619000004
14452.7873999998 0.0000000000
21992.2179000000 13781.3188000001
8882.3676999997 21992.2179000000
0.0000000000 9553.8363000003
11766.9129999999 0.0000000000
21992.2179000000 11095.4444000002
11568.2421000005 21992.2179000000
0.0000000000 12239.7107000002
9081.0386000000 0.0000000000
21992.2179000000 8409.5700000003
14254.1165000004 21992.2179000000
0.0000000000 14925.5851000001
6395.1642000001 0.0000000000
21992.2179000000 5723.6956000004
16939.9909000003 21992.2179000000
0.0000000000 17611.4595000000
3709.2898000002 0.0000000000
21992.2179000000 3037.8211999996
19625.8653000002 21992.2179000000
0.0000000000 20297.3338999999
1023.4154000003 0.0000000000
21992.2179000000 351.9467999997
21992.2179000000 21672.6960999999
990.9903999998 21992.2179000000
0.0000000000 1662.4590000005
19658.2902999998 0.0000000000
21992.2179000000 18986.8217000000
3676.8647999997 21992.2179000000
0.0000000000 4348.3334000004
16972.4158999999 0.0000000000
21992.2179000000 16300.9473000001
6362.7391999996 21992.2179000000
0.0000000000 7034.2078000003
14286.5415000000 0.0000000000
21992.2179000000 13615.0729000002
9048.6136000005 21992.2179000000
0.0000000000 9720.0822000002
11600.6671000001 0.0000000000
21992.2179000000 10929.1985000003
11734.4880000004 21992.2179000000
0.0000000000 12405.9566000001
8914.7927000002 0.0000000000
21992.2179000000 8243.3240999995
14420.3624000002 21992.2179000000
0.0000000000 15091.8310000000
6228.9183000003 0.0000000000
21992.2179000000 5557.4496999996
17106.2368000001 21992.2179000000
0.0000000000 17777.7053999999
3543.0439000004 0.0000000000
21992.2179000000 2871.5752999997
19792.1112000000 21992.2179000000
0.0000000000 20463.5797999998
857.1694999995 0.0000000000
21992.2179000000 185.7008999998
21992.2179000000 21506.4502000001
1157.2362999997 21992.2179000000
0.0000000000 1828.7049000004
19492.0443999999 0.0000000000
21992.2179000000 18820.5758000002
3843.1107000005 21992.2179000000
0.0000000000 4514.5793000003
16806.1700000000 0.0000000000
21992.2179000000 16134.7014000003
6528.9851000004 21992.2179000000
0.0000000000 7200.4537000002
14120.2956000001 0.0000000000
21992.2179000000 13448.8270000004
9214.8595000003 21992.2179000000
0.0000000000 9886.3281000001
11434.4212000002 0.0000000000
21992.2179000000 10762.9525999995
11900.7339000002 21992.2179000000
0.0000000000 12572.2025000000
8748.5468000003 0.0000000000
21992.2179000000 8077.0781999996
14586.6083000001 21992.2179000000
0.0000000000 15258.0768999999
6062.6724000004 0.0000000000
21992.2179000000 5391.2037999997
17272.4827000000 21992.2179000000
0.0000000000 17943.9512999998
3376.7979999996 0.0000000000
21992.2179000000 2705.3293999998
19958.3570999999 21992.2179000000
0.0000000000 20629.8256999997
690.9235999997 0.0000000000
21992.2179000000 19.4549999999
21992.2179000000 21340.2042999993
1323.4821999996 21992.2179000000
0.0000000000 1994.9508000002
19325.7984999991 0.0000000000
21992.2179000000 18654.3299000003
4009.3566000004 21992.2179000000
0.0000000000 4680.8251999992
16639.9241000001 0.0000000000
21992.2179000000 15968.4554999995
6695.2309999993 21992.2179000000
0.0000000000 7366.6996000000
13954.0496999993 0.0000000000
21992.2179000000 13282.5811000005
9381.1054000002 21992.2179000000
0.0000000000 10052.5740000009
11268.1753000003 0.0000000000
21992.2179000000 10596.7066999997
12066.9797999991 21992.2179000000
0.0000000000 12738.4483999998
8582.3008999995 0.0000000000
21992.2179000000 7910.8323000007
14752.8542000000 21992.2179000000
0.0000000000 15424.3228000006
5896.4265000005 0.0000000000
21992.2179000000 5224.9578999999
17438.7286000008 21992.2179000000
0.0000000000 18110.1971999996
3210.5520999997 0.0000000000
21992.2179000000 2539.0834999990
20124.6029999998 21992.2179000000
0.0000000000 20796.0716000004
524.6777000007 0.0000000000
21845.4270000001 0.0000000000
21992.2179000000 21173.9583999994
1489.7280999994 21992.2179000000
0.0000000000 2161.1967000001
19159.5525999992 0.0000000000
21992.2179000000 18488.0840000004
4175.6025000002 21992.2179000000
0.0000000000 4847.0711000009
16473.6782000003 0.0000000000
21992.2179000000 15802.2095999996
6861.4768999992 21992.2179000000
0.0000000000 7532.9454999999
13787.8037999994 0.0000000000
21992.2179000000 13116.3352000006
9547.3513000000 21992.2179000000
0.0000000000 10218.8199000007
11101.9294000005 0.0000000000
21992.2179000000 10430.4607999998
12233.2257000009 21992.2179000000
0.0000000000 12904.6942999997
8416.0549999996 0.0000000000
21992.2179000000 7744.5864000008
14919.1000999998 21992.2179000000
0.0000000000 15590.5687000005
5730.1806000007 0.0000000000
21992.2179000000 5058.7120000000
17604.9745000007 21992.2179000000
0.0000000000 18276.4430999995
3044.3061999998 0.0000000000
21992.2179000000 2372.8375999992
20290.8488999996 21992.2179000000
0.0000000000 20962.3175000003
358.4317999990 0.0000000000
21679.1811000002 0.0000000000
21992.2179000000 21007.7124999995
1655.9739999993 21992.2179000000
0.0000000000 2327.4426000000
18993.3066999994 0.0000000000
21992.2179000000 18321.8381000006
4341.8484000001 21992.2179000000
0.0000000000 5013.3170000008
16307.4323000004 0.0000000000
21992.2179000000 15635.9636999997
7027.7228000009 21992.2179000000
0.0000000000 7699.1913999997
13621.5578999996 0.0000000000
21992.2179000000 12950.0893000008
9713.5971999999 21992.2179000000
0.0000000000 10385.0658000006
10935.6835000006 0.0000000000
21992.2179000000 10264.2148999999
12399.4716000007 21992.2179000000
0.0000000000 13070.9401999995
8249.8090999998 0.0000000000
21992.2179000000 7578.3404999991
15085.3459999997 21992.2179000000
0.0000000000 15756.8146000004
5563.9347000008 0.0000000000
21992.2179000000 4892.4661000001
17771.2204000005 21992.2179000000
0.0000000000 18442.6889999993
2878.0603000000 0.0000000000
21992.2179000000 2206.5916999993
20457.0947999995 21992.2179000000
0.0000000000 21128.5634000002
192.1858999992 0.0000000000
21512.9352000003 0.0000000000
21992.2179000000 20841.4665999997
1822.2199000010 21992.2179000000
0.0000000000 2493.6884999998
18827.0607999995 0.0000000000
21992.2179000000 18155.5922000007
4508.0943000000 21992.2179000000
0.0000000000 5179.5629000006
16141.1864000005 0.0000000000
21992.2179000000 15469.7177999999
7193.9687000008 21992.2179000000
0.0000000000 7865.4372999996
13455.3119999997 0.0000000000
21992.2179000000 12783.8433999990
9879.8430999998 21992.2179000000
0.0000000000 10551.3117000004
10769.4376000007 0.0000000000
21992.2179000000 10097.9690000001
12565.7175000006 21992.2179000000
0.0000000000 13237.1860999994
8083.5631999999 0.0000000000
21992.2179000000 7412.0945999992
15251.5918999996 21992.2179000000
0.0000000000 15923.0605000002
5397.6887999991 0.0000000000
21992.2179000000 4726.2202000003
17937.4663000004 21992.2179000000
0.0000000000 18608.9348999992
2711.8144000001 0.0000000000
21992.2179000000 2040.3457999994
20623.3406999994 21992.2179000000
0.0000000000 21294.8093000000
25.9399999993 0.0000000000
21346.6893000005 0.0000000000
21992.2179000000 20675.2206999998
1988.4658000009 21992.2179000000
0.0000000000 2659.9343999997
18660.8148999996 0.0000000000
21992.2179000000 17989.3463000008
4674.3401999998 21992.2179000000
0.0000000000 5345.8088000005
15974.9405000007 0.0000000000
21992.2179000000 15303.4719000000
7360.2146000007 21992.2179000000
0.0000000000 8031.6831999995
13289.0660999999 0.0000000000
21992.2179000000 12617.5974999992
10046.0889999996 21992.2179000000
0.0000000000 10717.5576000003
10603.1916999990 0.0000000000
21992.2179000000 9931.7231000002
12731.9634000005 21992.2179000000
0.0000000000 13403.4319999993
7917.3173000001 0.0000000000
21992.2179000000 7245.8486999994
15417.8377999994 21992.2179000000
0.0000000000 16089.3064000001
5231.4428999992 0.0000000000
21992.2179000000 4559.9743000004
18103.7122000003 21992.2179000000
0.0000000000 18775.1808000009
2545.5685000003 0.0000000000
21992.2179000000 1874.0998999996
20789.5865999992 21992.2179000000
0.0000000000 21461.0551999999
0.0000000000 140.3059000006
21180.4434000006 0.0000000000
21992.2179000000 20508.9747999999
2154.7117000007 21992.2179000000
0.0000000000 2826.1802999995
18494.5689999998 0.0000000000
21992.2179000000 17823.1003999991
4840.5860999997 21992.2179000000
0.0000000000 5512.0547000004
15808.6946000008 0.0000000000
21992.2179000000 15137.2260000001
7526.4605000005 21992.2179000000
0.0000000000 8197.9290999993
13122.8202000000 0.0000000000
21992.2179000000 12451.3515999993
10212.3348999995 21992.2179000000
0.0000000000 10883.8035000002
10436.9457999992 0.0000000000
21992.2179000000 9765.4772000003
12898.2093000003 21992.2179000000
0.0000000000 13569.6779000010
7751.0714000002 0.0000000000
21992.2179000000 7079.6027999995
15584.0836999993 21992.2179000000
0.0000000000 16255.5523000000
5065.1969999994 0.0000000000
21992.2179000000 4393.7284000005
18269.9581000001 21992.2179000000
0.0000000000 18941.4267000008
2379.3226000004 0.0000000000
21992.2179000000 1707.8539999997
20955.8325000010 21992.2179000000
0.0000000000 21627.3010999998
0.0000000000 306.5518000004
21014.1975000008 0.0000000000
21992.2179000000 20342.7289000001
2320.9576000006 21992.2179000000
0.0000000000 2992.4261999994
18328.3230999999 0.0000000000
21992.2179000000 17656.8544999992
5006.8319999996 21992.2179000000
0.0000000000 5678.3006000002
15642.4486999991 0.0000000000
21992.2179000000 14970.9801000003
7692.7064000004 21992.2179000000
0.0000000000 8364.1749999992
12956.5743000001 0.0000000000
21992.2179000000 12285.1056999995
10378.5807999994 21992.2179000000
0.0000000000 11050.0494000000
10270.6998999993 0.0000000000
21992.2179000000 9599.2313000005
13064.4552000002 21992.2179000000
0.0000000000 13735.9238000009
7584.8255000003 0.0000000000
21992.2179000000 6913.3568999997
15750.3296000010 21992.2179000000
0.0000000000 16421.7981999998
4898.9510999995 0.0000000000
21992.2179000000 4227.4825000007
18436.2040000000 21992.2179000000
0.0000000000 19107.6726000007
2213.0767000005 0.0000000000
21992.2179000000 1541.6080999999
21122.0784000008 21992.2179000000
0.0000000000 21793.5469999996
0.0000000000 472.7977000003
20847.9515999990 0.0000000000
21992.2179000000 20176.4830000002
2487.2035000005 21992.2179000000
0.0000000000 3158.6720999993
18162.0772000001 0.0000000000
21992.2179000000 17490.6085999994
5173.0778999994 21992.2179000000
0.0000000000 5844.5465000001
15476.2027999992 0.0000000000
21992.2179000000 14804.7342000004
7858.9523000003 21992.2179000000
0.0000000000 8530.4209000009
12790.3284000003 0.0000000000
21992.2179000000 12118.8597999996
10544.8266999992 21992.2179000000
0.0000000000 11216.2952999999
10104.4539999994 0.0000000000
21992.2179000000 9432.9854000006
13230.7011000001 21992.2179000000
0.0000000000 13902.1697000007
7418.5796000005 0.0000000000
21992.2179000000 6747.1109999998
15916.5755000009 21992.2179000000
0.0000000000 16588.0440999997
4732.7051999996 0.0000000000
21992.2179000000 4061.2366000008
18602.4498999999 21992.2179000000
0.0000000000 19273.9185000005
2046.8308000007 0.0000000000
21992.2179000000 1375.3622000000
21288.3243000007 21992.2179000000
0.0000000000 21959.7928999995
0.0000000000 639.0436000002
20681.7056999992 0.0000000000
21992.2179000000 20010.2371000004
2653.4494000003 21992.2179000000
0.0000000000 3324.9180000010
17995.8313000002 0.0000000000
21992.2179000000 17324.3626999995
5339.3237999993 21992.2179000000
0.0000000000 6010.7924000000
15309.9568999994 0.0000000000
21992.2179000000 14638.4883000006
8025.1982000001 21992.2179000000
0.0000000000 8696.6668000008
12624.0825000004 0.0000000000
21992.2179000000 11952.6138999997
10711.0726000009 21992.2179000000
0.0000000000 11382.5411999998
9938.2080999996 0.0000000000
21992.2179000000 9266.7395000008
13396.9469999999 21992.2179000000
0.0000000000 14068.4156000006
7252.3337000006 0.0000000000
21992.2179000000 6580.8650999999
16082.8214000007 21992.2179000000
0.0000000000 16754.2899999996
4566.4592999998 0.0000000000
21992.2179000000 3894.9906999991
18768.6957999997 21992.2179000000
0.0000000000 19440.1644000004
1880.5849000008 0.0000000000
21992.2179000000 1209.1163000001
21454.5702000005 21992.2179000000
133.8208999994 21992.2179000000
0.0000000000 805.2895000000
20515.4597999993 0.0000000000
21992.2179000000 19843.9912000005
2819.6953000002 21992.2179000000
0.0000000000 3491.1639000009
17829.5854000003 0.0000000000
21992.2179000000 17158.1167999997
5505.5697000010 21992.2179000000
0.0000000000 6177.0382999998
15143.7109999995 0.0000000000
21992.2179000000 14472.2424000007
8191.4441000000 21992.2179000000
0.0000000000 8862.9127000007
12457.8366000005 0.0000000000
21992.2179000000 11786.3679999999
10877.3185000008 21992.2179000000
0.0000000000 11548.7870999996
9771.9621999997 0.0000000000
21992.2179000000 9100.4935999990
13563.1928999998 21992.2179000000
0.0000000000 14234.6615000005
7086.0878000007 0.0000000000
21992.2179000000 6414.6192000001
16249.0673000006 21992.2179000000
0.0000000000 16920.5358999994
4400.2133999999 0.0000000000
21992.2179000000 3728.7447999992
18934.9416999996 21992.2179000000
0.0000000000 19606.4103000003
1714.3389999991 0.0000000000
21992.2179000000 1042.8704000003
21620.8161000004 21992.2179000000
300.0667999992 21992.2179000000
0.0000000000 971.5353999999
20349.2138999994 0.0000000000
21992.2179000000 19677.7453000006
2985.9412000000 21992.2179000000
0.0000000000 3657.4098000007
17663.3395000005 0.0000000000
21992.2179000000 16991.8708999998
5671.8156000009 21992.2179000000
0.0000000000 6343.2841999997
14977.4650999996 0.0000000000
21992.2179000000 14305.9964999990
8357.6899999998 21992.2179000000
0.0000000000 9029.1586000005
12291.5907000007 0.0000000000
21992.2179000000 11620.1221000000
11043.5644000007 21992.2179000000
0.0000000000 11715.0329999995
9605.7162999998 0.0000000000
21992.2179000000 8934.2476999992
13729.4387999996 21992.2179000000
0.0000000000 14400.9074000003
6919.8418999990 0.0000000000
21992.2179000000 6248.3733000002
16415.3132000005 21992.2179000000
0.0000000000 17086.7817999993
4233.9675000000 0.0000000000
21992.2179000000 3562.4988999994
19101.1875999994 21992.2179000000
0.0000000000 19772.6562000001
1548.0930999992 0.0000000000
21992.2179000000 876.6245000004
21787.0620000003 21992.2179000000
466.3127000009 21992.2179000000
0.0000000000 1137.7812999998
20182.9679999996 0.0000000000
21992.2179000000 19511.4994000008
3152.1870999999 21992.2179000000
0.0000000000 3823.6557000006
17497.0936000006 0.0000000000
21992.2179000000 16825.6249999999
5838.0615000007 21992.2179000000
0.0000000000 6509.5300999996
14811.2191999998 0.0000000000
21992.2179000000 14139.7505999991
8523.9358999997 21992.2179000000
0.0000000000 9195.4045000004
12125.3448000008 0.0000000000
21992.2179000000 11453.8762000001
11209.8103000005 21992.2179000000
0.0000000000 11881.2788999993
9439.4704000000 0.0000000000
21992.2179000000 8768.0017999993
13895.6846999995 21992.2179000000
0.0000000000 14567.1533000002
6753.5959999991 0.0000000000
21992.2179000000 6082.1274000003
16581.5591000003 21992.2179000000
0.0000000000 17253.0277000010
4067.7216000002 0.0000000000
21992.2179000000 3396.2529999995
19267.4334999993 21992.2179000000
0.0000000000 19938.9021000000
1381.8471999993 0.0000000000
21992.2179000000 710.3786000005
21953.3079000001 21992.2179000000
632.5586000008 21992.2179000000
0.0000000000 1304.0272000015
20016.7221000016 0.0000000000
21992.2179000000 19345.2535000009
3318.4329999998 21992.2179000000
0.0000000000 3989.9016000004
17330.8476999989 0.0000000000
21992.2179000000 16659.3790999982
6004.3073999987 21992.2179000000
0.0000000000 6675.7759999994
14644.9732999999 0.0000000000
21992.2179000000 13973.5046999992
8690.1818000014 21992.2179000000
0.0000000000 9361.6503999984
11959.0989000009 0.0000000000
21992.2179000000 11287.6303000003
11376.0562000004 21992.2179000000
0.0000000000 12047.5248000011
9273.2244999983 0.0000000000
21992.2179000000 8601.7559000013
14061.9305999994 21992.2179000000
0.0000000000 14733.3992000000
6587.3500999993 0.0000000000
21992.2179000000 5915.8814999986
16747.8049999983 21992.2179000000
0.0000000000 17419.2735999990
3901.4757000003 0.0000000000
21992.2179000000 3230.0070999996
19433.6794000010 21992.2179000000
0.0000000000 20105.1480000017
1215.6013000013 0.0000000000
21992.2179000000 544.1327000007
21992.2179000000 21864.8820000000
798.8045000007 21992.2179000000
0.0000000000 1470.2731000013
19850.4762000017 0.0000000000
21992.2179000000 19179.0076000010
3484.6788999996 21992.2179000000
0.0000000000 4156.1475000003
17164.6017999990 0.0000000000
21992.2179000000 16493.1331999983
6170.5532999986 21992.2179000000
0.0000000000 6842.0218999993
14478.7274000000 0.0000000000
21992.2179000000 13807.2587999994
8856.4277000013 21992.2179000000
0.0000000000 9527.8963000020
11792.8530000011 0.0000000000
21992.2179000000 11121.3844000004
11542.3021000003 21992.2179000000
0.0000000000 12213.7707000009
9106.9785999984 0.0000000000
21992.2179000000 8435.5100000014
14228.1764999992 21992.2179000000
0.0000000000 14899.6450999999
6421.1041999994 0.0000000000
21992.2179000000 5749.6355999987
16914.0509000019 21992.2179000000
0.0000000000 17585.5194999989
3735.2298000005 0.0000000000
21992.2179000000 3063.7611999998
19599.9253000009 21992.2179000000
0.0000000000 20271.3939000016
1049.3554000015 0.0000000000
21992.2179000000 377.8868000008
21992.2179000000 21698.6361000001
965.0504000005 21992.2179000000
0.0000000000 1636.5190000012
19684.2302999981 0.0000000000
21992.2179000000 19012.7617000012
3650.9247999995 21992.2179000000
0.0000000000 4322.3934000002
16998.3558999992 0.0000000000
21992.2179000000 16326.8872999985
6336.7991999985 21992.2179000000
0.0000000000 7008.2677999991
14312.4815000002 0.0000000000
21992.2179000000 13641.0128999995
9022.6736000012 21992.2179000000
0.0000000000 9694.1422000018
11626.6071000012 0.0000000000
21992.2179000000 10955.1385000005
11708.5480000001 21992.2179000000
0.0000000000 12380.0166000008
8940.7326999985 0.0000000000
21992.2179000000 8269.2641000016
14394.4223999991 21992.2179000000
0.0000000000 15065.8909999998
6254.8582999996 0.0000000000
21992.2179000000 5583.3896999989
17080.2968000018 21992.2179000000
0.0000000000 17751.7653999987
3568.9839000006 0.0000000000
21992.2179000000 2897.5152999999
19766.1712000008 21992.2179000000
0.0000000000 20437.6398000014
883.1095000016 0.0000000000
21992.2179000000 211.6409000009
21992.2179000000 21532.3902000003
1131.2963000004 21992.2179000000
0.0000000000 1802.7649000011
19517.9843999983 0.0000000000
21992.2179000000 18846.5158000013
3817.1706999994 21992.2179000000
0.0000000000 4488.6393000000
16832.1099999993 0.0000000000
21992.2179000000 16160.6413999986
6503.0450999983 21992.2179000000
0.0000000000 7174.5136999990
14146.2356000003 0.0000000000
21992.2179000000 13474.7669999996
9188.9195000010 21992.2179000000
0.0000000000 9860.3881000017
11460.3612000014 0.0000000000
21992.2179000000 10788.8926000007
11874.7939000000 21992.2179000000
0.0000000000 12546.2625000007
8774.4867999987 0.0000000000
21992.2179000000 8103.0182000017
14560.6682999990 21992.2179000000
0.0000000000 15232.1368999996
6088.6123999997 0.0000000000
21992.2179000000 5417.1437999990
17246.5427000017 21992.2179000000
0.0000000000 17918.0112999986
3402.7380000007 0.0000000000
21992.2179000000 2731.2694000001
19932.4171000006 21992.2179000000
0.0000000000 20603.8857000013
716.8635999980 0.0000000000
21992.2179000000 45.3950000011
21992.2179000000 21366.1443000004
1297.5422000003 21992.2179000000
0.0000000000 1969.0108000009
19351.7384999984 0.0000000000
21992.2179000000 18680.2699000014
3983.4165999992 21992.2179000000
0.0000000000 4654.8851999999
16665.8640999994 0.0000000000
21992.2179000000 15994.3954999988
6669.2910000019 21992.2179000000
0.0000000000 7340.7595999989
13979.9897000005 0.0000000000
21992.2179000000 13308.5210999998
9355.1654000009 21992.2179000000
0.0000000000 10026.6340000016
11294.1153000015 0.0000000000
21992.2179000000 10622.6467000008
12041.0397999999 21992.2179000000
0.0000000000 12712.5084000005
8608.2408999988 0.0000000000
21992.2179000000 7936.7722999981
14726.9141999988 21992.2179000000
0.0000000000 15398.3827999995
5922.3664999998 0.0000000000
21992.2179000000 5250.8978999992
17412.7886000015 21992.2179000000
0.0000000000 18084.2571999985
3236.4921000009 0.0000000000
21992.2179000000 2565.0235000002
20098.6630000005 21992.2179000000
0.0000000000 20770.1316000012
550.6176999982 0.0000000000
21871.3670000012 0.0000000000
21992.2179000000 21199.8984000005
1463.7881000001 21992.2179000000
0.0000000000 2135.2567000008
19185.4925999985 0.0000000000
21992.2179000000 18514.0240000016
4149.6624999991 21992.2179000000
0.0000000000 4821.1310999998
16499.6181999996 0.0000000000
21992.2179000000 15828.1495999989
6835.5369000018 21992.2179000000
0.0000000000 7507.0054999987
13813.7438000006 0.0000000000
21992.2179000000 13142.2751999999
9521.4113000008 21992.2179000000
0.0000000000 10192.8799000014
11127.8694000016 0.0000000000
21992.2179000000 10456.4008000010
12207.2856999997 21992.2179000000
0.0000000000 12878.7543000004
8441.9949999989 0.0000000000
21992.2179000000 7770.5263999983
14893.1600999987 21992.2179000000
0.0000000000 15564.6286999994
5756.1206000000 0.0000000000
21992.2179000000 5084.6519999993
17579.0345000014 21992.2179000000
0.0000000000 18250.5030999983
3070.2462000010 0.0000000000
21992.2179000000 2398.7776000003
20264.9089000003 21992.2179000000
0.0000000000 20936.3775000010
384.3717999983 0.0000000000
21705.1211000014 0.0000000000
21992.2179000000 21033.6525000007
1630.0340000000 21992.2179000000
0.0000000000 2301.5026000007
19019.2466999987 0.0000000000
21992.2179000000 18347.7780999980
4315.9083999990 21992.2179000000
0.0000000000 4987.3769999996
16333.3722999997 0.0000000000
21992.2179000000 15661.9036999990
7001.7828000016 21992.2179000000
0.0000000000 7673.2513999986
13647.4979000007 0.0000000000
21992.2179000000 12976.0293000001
9687.6572000006 21992.2179000000
0.0000000000 10359.1258000013
10961.6234999980 0.0000000000
21992.2179000000 10290.1549000011