312
0 2999
1 2998
2 2997
3 2996
4 2995
5 2994
6 2993
7 2992
8 2991
9 2990
10 2989
11 2988
12 2987
13 2986
14 2985
15 2984
16 2983
17 2982
18 2981
19 2980
20 2979
21 2978
22 2977
23 2976
24 2975
25 2974
26 2973
27 2972
28 2971
29 2970
30 2969
31 2968
32 2967
33 2966
34 2965
35 2964
36 2963
37 2962
38 2961
39 2960
40 2959
41 2958
42 2957
43 2956
44 2955
45 2954
46 2953
47 2952
48 2951
49 2950
50 2949
51 2948
52 2947
53 2946
54 2945
55 2944
56 2943
57 2942
58 2941
59 2940
60 2939
61 2938
62 2937
63 2936
64 2935
65 2934
66 2933
67 2932
68 2931
69 2930
70 2929
71 2928
72 2927
73 2926
74 2925
75 2924
76 2923
77 2922
78 2921
79 2920
80 2919
81 2918
82 2917
83 2916
84 2915
85 2914
86 2913
87 2912
88 2911
89 2910
90 2909
91 2908
92 2907
93 2906
94 2905
95 2904
96 2903
97 2902
98 2901
99 2900
100 2899
101 2898
102 2897
103 2896
104 2895
105 2894
106 2893
107 2892
108 2891
109 2890
110 2889
111 2888
112 2887
113 2886
114 2885
115 2884
116 2883
117 2882
118 2881
119 2880
120 2879
121 2878
122 2877
123 2876
124 2875
125 2874
126 2873
127 2872
128 2871
129 2870
130 2869
131 2868
132 2867
133 2866
134 2865
135 2864
136 2863
137 2862
138 2861
139 2860
140 2859
141 2858
142 2857
143 2856
144 2855
145 2854
146 2853
147 2852
148 2851
149 2850
150 2849
151 2848
152 2847
153 2846
154 2845
155 2844
156 2843
157 2842
158 2841
159 2840
160 2839
161 2838
162 2837
163 2836
164 2835
165 2834
166 2833
167 2832
168 2831
169 2830
170 2829
171 2828
172 2827
173 2826
174 2825
175 2824
176 2823
177 2822
178 2821
179 2820
180 2819
181 2818
182 2817
183 2816
184 2815
185 2814
186 2813
187 2812
188 2811
189 2810
190 2809
191 2808
192 2807
193 2806
194 2805
195 2804
196 2803
197 2802
198 2801
199 2800
200 2799
201 2798
202 2797
203 2796
204 2795
205 2794
206 2793
207 2792
208 2791
209 2790
210 2789
211 2788
212 2787
213 2786
214 2785
215 2784
216 2783
217 2782
218 2781
219 2780
220 2779
221 2778
222 2777
223 2776
224 2775
225 2774
226 2773
227 2772
228 2771
229 2770
230 2769
231 2768
232 2767
233 2766
234 2765
235 2764
236 2763
237 2762
238 2761
239 2760
240 2759
241 2758
242 2757
243 2756
244 2755
245 2754
246 2753
247 2752
248 2751
249 2750
250 2749
251 2748
252 2747
2748 2999
2755 2997
2758 2995
2759 2994
2760 2993
2761 2991
2762 2990
2766 2988
2770 2987
2773 2985
2774 2982
2777 2981
2778 2977
2781 2975
2782 2974
2784 2972
2785 2969
2791 2968
2792 2967
2793 2965
2795 2962
2797 2957
2798 2956
2800 2953
2801 2951
2802 2947
2803 2945
2806 2942
2810 2940
2812 2938
2813 2935
2816 2934
2817 2930
2818 2929
2819 2927
2820 2924
2821 2922
2824 2921
2828 2920
2829 2919
2831 2918
2836 2912
2838 2911
2842 2910
2846 2909
2854 2908
2857 2907
2858 2906
2860 2905
2861 2904
2864 2899
2867 2898
2868 2894
2869 2893
2871 2890
2873 2888
2878 2886
2879 2885
2881 2884